3,6,8,04403134334222300423/.../.\.\/....../\.....\.
6,7,1,11212120120304400020.//..\.././\\.\....\\..\.
5,6,2,01050002610131402200/\\././/.\....../\..\\./.
5,6,4,33012102330234324230../\.\.\\/./\.......\..\.
6,6,7,32640344343024032420\...../.........\.\\..\..
6,7,4,52003131033242303033\..\......////../..\.....
1,9,5,30500053230450510120.\./\\..\.\/...\..\.\....
3,4,7,32603430000500043243......\./.\/.\/...//../\\
4,6,3,30031310300053010231.//..\\\/\\././....../../
6,9,0,00130032001310003204/\../\\........\..\\...//
