11,6,1,20353363130040550020.\...../...../..\..\\.\.. 
6,6,5,03113322151422422205.\........\\...\//\\.....
1,6,7,40230043401404043102\...\.\/./\..\.\......\\/
4,9,2,32002102220130222300.\\/...\...\...\\./.\..\.
5,4,5,01430013302014004333./.\\...\/.\.../\/./..../
4,8,3,44224410100021042030........./\.///\./..\/..\
3,8,3,00102404000044202400//./.../.......//../\\\.\
5,9,0,13020020301202020403../.\\\../../..///.../../
3,8,4,15204322401300402014\.....\\\./\...\\...../\.
1,6,7,01300144134004001353/.\\//\../../.....././\..
